% latex table generated in R 3.4.1 by xtable 1.8-2 package
% Sun Jul 19 17:29:33 2020
\begin{table}[H]
\centering
\begin{tabular}{ccccccc}
  \hline\hline Industry (ISIC code) &   & 1st Qu. & Median & 3rd Qu. & Mean & sd \\ 
  \hline
311 (N=) & Output & 8.7 & 1.67 & 9.92 & 10.88 & 9.62 \\ 
   & Capital & 5.9 & 1.77 & 7.12 & 8.16 & 6.89 \\ 
   & Labor & 2.71 & 1.09 & 3.5 & 4.11 & 3.3 \\ 
   & Materials & 7.89 & 1.88 & 9.15 & 10.26 & 8.93 \\ 
  322 (N=) & Output & 9.62 & 8.7 & 1.67 & 9.92 & 10.88 \\ 
   & Capital & 6.89 & 5.9 & 1.77 & 7.12 & 8.16 \\ 
   & Labor & 3.3 & 2.71 & 1.09 & 3.5 & 4.11 \\ 
   & Materials & 8.93 & 7.89 & 1.88 & 9.15 & 10.26 \\ 
  381 (N=) & Output & 10.88 & 9.62 & 8.7 & 1.67 & 9.92 \\ 
   & Capital & 8.16 & 6.89 & 5.9 & 1.77 & 7.12 \\ 
   & Labor & 4.11 & 3.3 & 2.71 & 1.09 & 3.5 \\ 
   & Materials & 10.26 & 8.93 & 7.89 & 1.88 & 9.15 \\ 
  All (N=) & Output & 9.92 & 10.88 & 9.62 & 8.7 & 1.67 \\ 
   & Capital & 7.12 & 8.16 & 6.89 & 5.9 & 1.77 \\ 
   & Labor & 3.5 & 4.11 & 3.3 & 2.71 & 1.09 \\ 
   & Materials & 9.15 & 10.26 & 8.93 & 7.89 & 1.88 \\ 
   \hline
\end{tabular}
\end{table}
