% latex table generated in R 3.4.1 by xtable 1.8-2 package
% Sun Jul 19 17:20:35 2020
\begin{table}[H]
\centering
\begin{tabular}{ccccccc}
  \hline\hline Industry (ISIC code) &   & 1st Qu. & Median & 3rd Qu. & Mean & sd \\ 
  \hline
311 (N=) & Output & 10.38 & 1.6 & 11.56 & 12.53 & 11.28 \\ 
   & Capital & 7.22 & 1.92 & 8.54 & 9.72 & 8.35 \\ 
   & Labor & 2.89 & 1.02 & 3.67 & 4.28 & 3.43 \\ 
   & Materials & 9.81 & 1.62 & 10.93 & 11.89 & 10.68 \\ 
  381 (N=) & Output & 11.28 & 10.38 & 1.6 & 11.56 & 12.53 \\ 
   & Capital & 8.35 & 7.22 & 1.92 & 8.54 & 9.72 \\ 
   & Labor & 3.43 & 2.89 & 1.02 & 3.67 & 4.28 \\ 
   & Materials & 10.68 & 9.81 & 1.62 & 10.93 & 11.89 \\ 
  321 (N=) & Output & 12.53 & 11.28 & 10.38 & 1.6 & 11.56 \\ 
   & Capital & 9.72 & 8.35 & 7.22 & 1.92 & 8.54 \\ 
   & Labor & 4.28 & 3.43 & 2.89 & 1.02 & 3.67 \\ 
   & Materials & 11.89 & 10.68 & 9.81 & 1.62 & 10.93 \\ 
  All (N=) & Output & 11.56 & 12.53 & 11.28 & 10.38 & 1.6 \\ 
   & Capital & 8.54 & 9.72 & 8.35 & 7.22 & 1.92 \\ 
   & Labor & 3.67 & 4.28 & 3.43 & 2.89 & 1.02 \\ 
   & Materials & 10.93 & 11.89 & 10.68 & 9.81 & 1.62 \\ 
   \hline
\end{tabular}
\end{table}
